[prof.jpg]
filters=Comicize=1,24.561403,18.713451,34.502922;
moddate=9528f2da9b25d201
width=959
height=401
textactive=0
